45 32 1 5 0 0 0 0 8

1	0	0                
2	0	0.5              
3  	0	1                
4	0	1.5              
5	0	2                
6	1	0                
7  	1	0.5              
8  	1	1                
9  	1	1.5              
10	1	2                
11	2	0                
12	2	0.5              
13	2	1                
14	2	1.5              
15	2	2                
16	3	0                
17	3	0.5              
18	3	1                
19	3	1.5              
20	3	2                
21	4	0                
22	4	0.5              
23	4	1                
24	4	1.5              
25	4	2                
26	5	0                
27	5	0.5              
28	5	1                
29	5	1.5              
30	5	2                
31	6	0                
32	6	0.5              
33	6	1                
34	6	1.5              
35	6	2                
36	7	0                
37	7	0.5              
38	7	1                
39	7	1.5              
40	7	2                
41	8	0                
42	8	0.5              
43	8	1                
44	8	1.5              
45	8	2                
                       
1 	1	6	7	2   1 0
2 	2	7	8	3   1 0
3  	3	8	9	4   1 0
4	4  	9	10	5   1 0
5   6  	11	12	7   1 0
6	7	12	13	8   1 0
7	8	13	14	9   1 0
8  	9	14	15	10  1 0
9	11	16	17	12  1 0
10	12	17	18	13  1 0
11	13	18	19	14  1 0
12	14	19	20	15  1 0
13	16	21	22	17  1 0
14	17	22	23	18  1 0
15	18	23	24	19  1 0
16	19	24	25	20  1 0
17	21	26	27	22  1 0
18	22	27	28	23  1 0
19	23	28	29	24  1 0
20	24	29	30	25  1 0
21	26	31	32	27  1 0
22	27	32	33	28  1 0
23	28	33	34	29  1 0
24	29	34	35	30  1 0
25	31	36	37	32  1 0
26	32	37	38	33  1 0
27	33	38	39	34  1 0
28	34	39	40	35  1 0
29	36	41	42	37  1 0
30	37	42	43	38  1 0
31	38	43	44	39  1 0
32	39	44	45	40  1 0

2000000.0 0.3 0.0 1.0

1 0 0
2 0 0
3 0 0
4 0 0
5 0 0

4 0 1
3 10.0 10.0
8 0 1
3 10.0 10.0
12 0 1
3 10.0 10.0
16 0 1
3 10.0 10.0
20 0 1
3 10.0 10.0
24 0 1
3 10.0 10.0
28 0 1
3 10.0 10.0
32 0 1
3 10.0 10.0