45 64 1 5 0 0 8 0 5

2000000.0  0.3  0.0  1.0

1	   0  	0    
2	   0  	0.5  
3	   0  	1    
4	   0  	1.5  
5	   0  	2    
6	   1  	0    
7	   1  	0.5  
8	   1  	1    
9	   1  	1.5  
10	 1  	2  
11	 2  	0  
12	 2  	0.5
13	 2  	1  
14	 2  	1.5
15	 2  	2  
16	 3  	0  
17	 3  	0.5
18	 3  	1  
19	 3  	1.5
20	 3  	2  
21	 4  	0  
22	 4  	0.5
23	 4  	1  
24	 4  	1.5
25	 4  	2  
26	 5  	0  
27	 5  	0.5
28	 5  	1  
29	 5  	1.5
30	 5  	2  
31	 6  	0  
32	 6  	0.5
33	 6  	1  
34	 6  	1.5
35	 6  	2  
36	 7  	0  
37	 7  	0.5
38	 7  	1  
39	 7  	1.5
40	 7  	2  
41	 8  	0  
42	 8  	0.5
43	 8  	1  
44	 8  	1.5
45	 8  	2  

1	  1	  6	  7   1
2	  7  	2	  1   1
3  	2	  7	  8   1
4	  8	  3 	2   1
5	  3	  8 	9   1
6	  9	  4  	3   1
7	  4	  9  	10  1
8	  10	5	  4   1
9	  6	  11	12  1
10	12	7	  6   1
11	7	  12	13  1
12	13	8	  7   1
13	8	  13	14  1
14	14	9	  8   1
15	9	  14	15  1
16	15	10	9   1
17	11	16	17  1
18	17	12	11  1
19	12	17	18  1
20	18	13	12  1
21	13	18	19  1
22	19	14	13  1
23	14	19	20  1
24	20	15	14  1
25	16	21	22  1
26	22	17	16  1
27	17	22	23  1
28	23	18	17  1
29	18	23	24  1
30	24	19	18  1
31	19	24	25  1
32	25	20	19  1
33	21	26	27  1
34	27	22	21  1
35	22	27	28  1
36	28	23	22  1
37	23	28	29  1
38	29	24	23  1
39	24	29	30  1
40	30	25	24  1
41	26	31	32  1
42	32	27	26  1
43	27	32	33  1
44	33	28	27  1
45	28	33	34  1
46	34	29	28  1
47	29	34	35  1
48	35	30	29  1
49	31	36	37  1
50	37	32	31  1
51	32	37	38  1
52	38	33	32  1
53	33	38	39  1
54	39	34	33  1
55	34	39	40  1
56	40	35	34  1
57	36	41	42  1
58	42	37	36  1
59	37	42	43  1
60	43	38	37  1
61	38	43	44  1
62	44	39	38  1
63	39	44	45  1
64	45	40	39  1

1  0 0 
2  0 0 
3  0 0 
4  0 0 
5  0 0 

45 0.0 -5.0
40 0.0 -10.0
35 0.0 -10.0
30 0.0 -10.0
25 0.0 -10.0
20 0.0 -10.0
15 0.0 -10.0
10 0.0 -10.0

1 2 3 4 5
1 2 0 0
2 3 4 0
4 5 6 0
6 7 8 0
8 0 0 0

